0.4288501349707519
0.39261850604328896
0.2636835591851202
0.11390242856734431
0.20544428169974246
0.692036671036075
0.30264431460051694
0.22827282136471158
0.2636024986925561
0.013924266720569158
0.11061097307660837
0.18934291021692734
0.18211961735745227
0.03563649129026742
0.33202338969408407
0.3977812086120756
0.12155378591588328
0.05444525109130897
0.03906637976661073
0.19236714053525375
0.4265960576628376
0.2534641003797428
0.4968927236318822
0.4964035987338117
1.0708620465397811
0.7763963616131199
0.18986425133140866
0.39532672600597096
0.7535466729638102
0.5320162335815437
0.4392191782108721
0.5661959478818507
0.2997132081832998
0.33801779398261667
0.511427228791242
0.5255455762083987
0.31729830288060573
0.5813313974129855
0.41371227918367287
0.5228489844070436
0.7878116918330151
0.534638334343194
0.6111716246760145
0.698253922572463
0.5013267160384133
0.5899418769960569
0.8073401287597982
0.6007792620449626
0.590552953489637
0.6257320205629279
0.8993047939608102
0.9197734498479615
0.9442331222683535
0.695343297611398
0.8162738209463973
0.5725159008339014
0.924291267899165
0.8681909673049791
0.7160344657158193
0.8946347951955124
0.8377432928756394
1.1073301793849049
0.8572964217663173
1.002915793368856
0.9384774064213961
1.0940788761491052
1.1099394186539613
1.00926220868192
0.8950849878374596
0.9015718256702119
1.1299396772795816
1.1184590977669377
0.04604246459964491
