0.08025962014060883
0.531217126758898
0.5126635517343012
0.36362642579449034
0.15266407531784587
0.06905904086303627
0.1925621476036512
0.2214968104248296
0.06836774699548709
0.0836409952847883
0.09032975620658412
0.07461967775786027
0.10874138344020157
0.12719707261005553
0.09070058107406975
0.12077106248542702
0.7887208922192182
0.7633249454493152
0.08785415313122336
0.08408054502631046
0.39656976582461567
0.6690357285280601
0.7517998978152907
0.661164293417654
0.3848536927691164
0.3487879773910745
0.23094144058286403
0.05861724280641134
0.1296332242288134
0.14807766269859712
0.4376916696072115
0.19271293870136397
0.2617570352500902
0.7849581341260965
0.14279626647001287
0.04075440619466164
0.33829956148210805
0.1121765152161398
0.14223694312084767
0.32815295901333386
0.3032806498611311
0.19503599984078335
0.1399809657452078
0.21057011976286866
0.10944579393178344
0.21428717672245945
0.23148281235649293
0.030215635014483766
0.3300799905768024
0.13958167629180096
0.022482238278382027
0.004623023828621342
0.10161710466411122
0.31908792750441606
0.3463590923254394
0.25609483502891095
0.2771162314195763
0.27679894506902514
0.004571484312755558
0.14942337302343134
0.15488989076310133
0.21601887645388373
0.20203670284734798
0.14567738593419222
0.42660496168024054
0.41447765033624506
0.19067018774130773
0.24280116109414251
0.8109813342240209
0.7231587643120534
0.26291664096965306
0.375991205517316
0.07444598616305953
0.39237037780321415
0.3390791723737756
0.9554668841928624
0.7901704882763738
0.5585109755059463
0.409408428036496
0.40603939605634665
0.44788412129534905
0.34435432322788273
0.25881933373181454
0.1944624099290806
0.07560525272974061
0.6050879768897097
0.6203072826671558
0.661047531382625
0.541869699205936
0.947986750667404
1.1447211363322367
1.0626390318594687
1.3727918410279507
1.3742515899979928
1.4016022025295314
0.2967623901515495
0.18456114173049443
0.14689912988767162
0.4984127715054889
0.8802065418849345
0.9311076299572285
1.0633320523346654
1.185442547893178
1.3420965937103873
1.1852773410107993
1.2619621318589758
1.1257653933403873
0.9663562083622246
0.8125426807772271
1.0256672115402772
0.917184743914973
0.6206508062890137
0.2518204356764926
0.07842611137264299
0.2280219516659372
0.17278921500847844
0.730188830369471
0.7615828143577161
1.1923741740485312
1.157860915781427
1.1226077886003054
1.1686795400279308
1.110708594310843
0.6343496684633934
0.9927643177755101
1.2704537592298948
1.3157681526384906
2.055849788539632
2.0137863658285866
1.8052316024067068
1.8979106496370122
1.9178717604250934
1.9423890796227141
1.5437835100068042
0.8102199421473273
0.919239142408756
1.7338876793805866
1.5922084372887326
0.9079218649877063
0.8639543889942232
0.7755318905033519
0.636758118940044
0.9296827897480782
0.8942849457115756
0.42362795525349384
0.6129476711250206
1.150069973726012
1.1787081018686933
1.139801394179102
1.0942146268188395
0.8849940857588123
0.996300145812107
1.3982154847792927
1.451029010511263
1.6589334806902514
1.510542962307035
1.2103779229385552
1.181106705779996
1.3366459833633115
0.6497226364194475
0.542184072904881
0.7951381489549263
1.1623470085481884
1.2696886552905156
1.281959390604463
1.0110649480619855
1.091924118809139
0.646899240498918
0.6774532095536756
0.7316817307113013
0.008564517030599461
0.05511316868625471
0.8803851156693057
1.298074810494974
1.3453212451989884
1.6003122612116911
1.437783812599676
1.1716737996795246
1.155258729672326
1.3475282798167996
1.0493187810634694
1.1340895193903435
0.8895541515261272
0.8641582154143919
0.8944054261083849
1.4405373832660828
1.2320445225310905
1.2286949015600328
1.3429407454242366
1.2633681754626664
1.110942576468716
1.1863233872837924
1.80528742009475
1.600505880873719
1.79889658138773
1.7086599431703036
1.349005814760062
1.3919529347620951
1.5428179481106739
1.340000417317178
1.442786703880003
1.7079291623358515
1.5744140891235503
1.5571030713580782
1.7585424831083643
1.7844010959923793
2.044839857726082
1.5066323406854778
1.0028694646258174
0.7603625382426458
0.7757311307093957
0.7516700906740184
0.9095471460720077
0.48707652027558623
0.4200310660692139
0.19037111530704465
0.06510764028123361
0.406270628287416
0.18499816271399538
0.36932394139957836
0.24364895211836313
0.3341561856063535
0.19986003746341652
0.13584172265572647
0.4556275157349461
0.34985021768574853
0.5102537327860261
0.7486743559614766
0.22165205305616809
0.4484267730047975
0.3314046133229027
0.38930795111674144
0.39121939873615474
0.23529865691192953
0.13499402425992457
0.17543177469418936
0.019022225816698324
0.11424952687625023
0.8471515481866447
0.859023439696557
1.2582571416392199
0.940674934749083
1.2571191072628665
1.217403623708023
0.6344912312995064
0.28930822902005104
0.0999721768729529
0.17133034335492425
0.11525230194699532
0.011394066503797262
0.17325496503204363
0.14208993505576473
0.33580024116220386
0.10913845498421892
0.29637654914610323
0.20467183274024592
0.1703430184845871
0.3493014108527319
0.07512053123282669
0.34175756973662885
0.23356166393138267
0.3322095324603538
0.47985095245135767
0.6265194590137213
0.6207411804352034
0.6567205890144692
0.639002247530243
0.6864209309634361
0.7752255375805959
1.2006004261234011
1.2775337459073057
1.5549617914524987
1.367683117107191
1.7270875601001023
1.7042986856000653
1.9723417186537233
1.2147565283261628
1.91141738641862
1.862322655089315
2.4865855079982424
2.122043700059038
3.2653746080017214
2.8897102544054007
3.229061295114562
2.9673160813979536
2.282873151766154
2.2873281205799714
1.9306253139378668
1.808413155900837
1.5224276380871942
1.2532710656895176
1.19633666302299
1.207937440860917
1.0108540768193706
0.9893427810259112
0.9779810658897077
1.018687771555875
0.9285048707130272
0.7106530782928786
0.619730466158785
0.6925286084496634
0.3961440051859313
0.36410387361908647
0.4773015935789715
0.5955831277154431
0.7859502581021616
0.7226050430204651
0.6599388668465167
0.8215534820258341
1.028717568587254
0.9862522801119127
0.4149665645413023
0.024814744480138984
0.16846798704868604
0.3615416378265337
0.11015050180435537
0.08929471975369552
0.0838810480610448
0.1215352178742819
0.588624484814332
0.04906000768180263
0.0026638157100791204
0.015409957812565267
0.26890642192715575
0.3376018603498352
0.32926404456806324
0.27486404985013735
0.4340745732342839
0.48581507507172716
0.46396601197842813
0.7268061255325335
0.9279245174013511
0.6099602609681227
0.24224536464423352
0.23401941071354315
0.20175536814157624
0.01395596984571057
0.17782370541443981
0.13432288392505143
0.11156035100999873
0.07546540651230771
0.6545082743817545
1.0453735920775529
1.4535134458562027
1.4399257664155272
0.9413055452631482
0.5023326612607093
0.529260474437308
0.16924623230619318
0.033576922032068524
0.22344366357459933
0.17788386564119207
0.21257899734467856
0.06024272764605598
0.18575024720006184
0.06665850784865768
0.608480000165315
0.801370928071961
0.8303669177100659
1.0026462191929397
0.38953503492511743
0.06344595860791458
0.013588419777448735
0.8003205390319437
0.5356498550917195
0.6100409828040085
0.11687995965159814
0.029726107990683204
0.06840834841018761
0.02329548033651463
0.14258358404489968
0.04006714716881277
0.1931163275344261
0.2604329840008006
0.14965088482756528
0.20041600575936513
0.22548886071488994
0.2814145385881801
0.4453295053075692
0.3534804348234388
0.34676725120793606
0.11407509888992706
0.10947572775181413
0.0835051965085114
0.6255115210916102
0.7701812004491018
1.1147099456301248
1.1069226755187032
1.1802787473590541
1.1818417350789616
0.7550546696899971
0.8166533182571953
1.001521170117897
0.9766535548346269
0.9495638705401035
1.0716456954781535
0.9560049031475728
1.1655374736012476
0.616938920088927
0.49105626101054156
0.6842222935420779
0.6386197469564507
0.4135150658395901
0.4046495459909494
0.20791068118479927
0.2881022242854385
0.1909922690804109
0.08787738676417689
0.012139128299637036
0.2460154088952038
0.33392091123171497
0.3345022694199855
0.17362693432426113
0.1647900065579222
0.34325795864516806
0.16194489757035058
0.10006175232796011
0.13167828429590145
0.0792374486572811
0.08000946542172471
0.12184934965922878
0.5029793178226072
0.4550055778867943
0.553260423763092
0.5004536836540723
0.3171975220473655
0.3636669773972301
0.09847906903095804
0.2399728115555746
0.21454067716237546
0.21495296420138743
0.08213825071734959
0.5679593876062938
0.31065258447115696
0.07413714315509878
0.010704406225357843
0.1711259911091645
0.34838508025207204
0.20922100197479665
0.009966301641171071
0.003910647816454116
0.11715250670130217
0.4160092301498821
0.3799111981982861
0.6050105876505256
0.5880893166539352
0.6138131596416656
0.6332561844133124
0.5755035302883442
0.42004331652918836
0.1401761593387647
0.1712734558095832
0.3178732277651193
0.3596778975151409
0.5262034981918902
0.8333349761690556
0.7200129292685773
0.5120331512559773
0.33302710208891995
0.3474350663298935
0.410951225983581
0.20906852340075943
0.15497322819862802
0.030095178936988987
0.008815974098922652
0.10384455001053539
0.08058573513821443
0.46630072895743524
0.39399229408141423
0.44902558550117533
0.28846989659157884
0.11086863401303049
0.14776763989627284
0.02365411067270884
0.22197164640229516
0.39464129526416514
0.005540553872094733
0.04111498171977246
0.040628217024078594
0.2761594279650126
0.30737467553646525
0.37439594120118613
0.6651330709215131
0.7185949036996817
0.7939048555668649
1.272417658071106
1.321216410340611
1.3932146886147052
1.256563710097538
0.513157189314569
0.19680322447260323
0.15451614777882128
0.40343917923095773
0.03317180220113869
0.02180851491036151
0.49934310579337193
0.43215085235252104
0.5592592758696355
0.4170648132837016
0.3536392841401437
0.32837492054275685
0.37472432129777644
0.27036554646846866
0.001272385047059288
0.22270286216652835
0.4866230358661028
0.4657637873430076
0.4110544514592789
0.23352922157420153
0.08685580506036672
0.20634992426278131
0.17700809421125996
0.4395275803049117
0.38088602932333515
0.2510037089305399
0.25176397854482957
0.08044891837209889
0.046509856151260465
0.36303779672601877
0.4463082557039115
0.5022701676795407
0.18288229037565884
0.10409133648502689
0.011186606989468828
0.01761089841917851
0.024938163647846068
0.057180634953624576
0.20001549198715907
0.09705829353677586
0.2780420228276341
0.11530055170504738
0.04665296782397377
0.13374376533209897
0.22822418339953288
0.28251336208555244
0.20754745126569674
0.2597130975092341
0.04126197167317969
0.44597610102533736
0.3296044317448832
0.5997639001379298
0.3322712889991237
0.25069373701566633
0.11304035638713117
0.08226465241037317
0.07275340213851678
0.3359308929450435
0.367089090676302
0.05518959399083201
0.2446973844917295
0.13515932890811655
0.030332800670890947
0.22608993078026174
0.0031489824228287944
0.06286323660933135
0.17914949185370688
0.277221659062036
0.6730609899193212
0.08973670400979472
0.08032333883602405
0.0781804459574289
0.26721048417363136
0.31282562612858555
0.3399298414992131
0.17838139861748914
0.06373084463683654
0.029188342785687382
0.6911197550759312
0.29434700432022964
0.49166216142305075
0.4413443044762744
0.24052301341612292
0.17447616426451873
0.24731551959516196
0.22072294261857905
8.679097250876566E-4
0.009223475380110813
0.07144129770438212
0.5185420866410198
0.5486748178159075
0.21258971345469035
0.14061853262080604
0.07547610423901574
0.03562968328461125
0.040647259852050865
0.255192937231584
0.034404925018407084
0.04094943775501747
0.0815354472185561
0.16973029601533085
0.20985016080649643
0.07015800115851789
0.15405609938321163
0.09680228719292927
0.08829321367858256
0.3875854413557249
0.5333134046735779
0.2770860335743066
0.3548749632305146
0.29178062376729486
0.3122196016329326
0.502241302533605
0.2568957869798112
0.29588253617239957
0.276517026282022
0.3911178567590241
0.6083281449018045
0.9103048884682039
0.87225670590351
0.9500345855399246
1.2063982464465823
1.30377650298243
1.362561952595314
1.6011708064071684
1.5743830367075304
1.6115093341304032
1.5584011131617217
1.5402648600783095
1.9781525400780993
2.4901037734877605
2.502243262649756
2.4858200173538023
2.8520872545415443
2.9976664124103536
3.286458060838555
2.643009907023668
2.580060714089342
2.2878116221588414
2.1727564403670385
2.1381272994575227
1.8883046049516565
2.181339372398554
1.0670497253817928
1.1099043146182055
1.0059058752465262
1.148517703664794
0.9390994673841249
0.5853938146098017
0.5734943218724311
0.6449610049910746
0.7583647007478191
0.9927515315335995
1.144256796537661
1.1251091026888105
0.4756031062493662
0.18615381987734736
0.2993978877670145
0.286937515652653
0.17530302901386108
0.21431546488111053
0.021732335497546273
0.14943585283992888
0.2621291844657492
0.14852021808346194
0.013213317488236953
0.7921213501322484
0.9021993800546966
0.7108319169227855
0.8698497259487397
0.43581918922319574
0.41832224276330976
0.01927475062731787
0.043204812177350504
0.0805887637623357
0.11696105642496946
0.011761087147249327
0.3212237834894154
0.3046814349621627
0.39460154787002466
0.18405259392895346
0.09980615960679984
0.14314714889570723
0.1846923126318245
0.576057447976666
0.8379866761236485
0.4368121663967486
0.13937422931221022
0.14625639129877754
0.07940476451764766
0.031813470576537384
0.06254031214430711
0.025373002263336275
0.202780267613889
0.595596346617981
0.6132500078790883
0.5850253321831076
0.20767459755944628
0.131657895068372
0.1474780721289619
0.5104902708576731
0.38429603265447554
0.28649978720508784
0.23517827531210855
0.3025089678608026
0.13594389340519797
0.13625042765318085
0.08279429913019953
0.14167658503865255
0.4017292786658686
0.4181755898810877
0.5474838292656727
0.7029564706187728
0.13320756932210998
0.47919048310970425
0.6357964014861182
0.5135641996869253
0.328222331440827
0.2944844466697134
0.17109111393546073
0.16523290202945873
0.21202811941802224
0.16020516269983887
0.0486405706880646
0.04264108147756929
0.6368021895970912
0.31899871714318806
0.15749466251489252
0.4659838960767786
0.4659597692843249
0.45266978165227556
0.7137354229381287
0.6023648971725208
0.7317105154270109
0.7248253147627111
0.7958303851690403
0.7579877499250074
0.8510550115150579
0.28391312549902636
0.49833997990074863
0.423441025131865
0.41232549875755353
0.10514318317683546
0.11984097889992995
0.5516757172793518
0.0095348073315904
0.03135812340792654
0.6000245041932999
0.5853314235978928
0.5357962446846898
0.10814347481436926
0.06877930281609679
0.009280310074473164
0.04690581103696445
0.011448953528343964
0.02599550948951901
0.03886084813498769
0.26776881305863753
0.17704404758353576
0.26511042667274864
0.3275824539543635
0.022008002130348814
0.01067237993615322
0.11479258036143847
0.12484313848761985
0.13591856556823245
0.10430576671089398
0.07851265442178601
0.10012988370004905
0.3186790465098852
0.08788067389860998
0.12941535457355258
0.05725377678461996
0.08130181802960124
0.02129742180352423
0.17196970338099504
0.1987454610093664
0.18401051469371055
0.16632874826899524
0.30910546396478367
0.384053980750366
0.612497319715942
0.09533768358426187
0.2085238685521631
0.012517204769864065
0.38887203235449874
0.16326019428544214
0.3512236142844358
0.4946221019746133
0.5256168039247768
0.46296071212177026
0.5140017120813809
0.8513594804786919
0.6550166133302184
0.5958467459532812
0.7985762403987735
0.9116328290023148
0.6628780830841947
0.711060092937629
0.6979259446549975
0.8700371262787314
1.054287207684439
0.24747729795339524
0.03918937372387177
0.2141095843215055
0.7235699294139408
1.0196208765993902
1.027027454049346
1.1379974340602814
1.2750019527953782
1.143763987087226
1.1915857078792271
1.0582116379918318
0.8692419909415037
1.0046665904553436
0.7652993589701964
0.7732265478443878
1.1785876885744528
0.34902045096208667
0.2722292097005834
0.46176392721113757
0.6122757050433734
0.3814192332190487
0.1315964060495105
0.021788174221200052
0.24494609853084626
0.008025107882787097
0.09011017952241218
0.10927133323340854
0.12372725502314097
0.12501609476086628
0.09128448166433145
0.1376316087972782
0.10817426858730528
0.08795588341885718
0.13232822968964797
0.054204021609166375
0.6360729937848362
0.7192605967548218
0.662168027497728
0.33703045394318565
0.03297352830892919
0.47829571971971063
0.046209798914958355
0.046623128909544675
0.08060233435088549
0.4326951558822998
0.4110777869815365
0.39082153248196505
0.4367002604879815
0.5691618862127825
0.5644762219594952
0.5917342126696212
0.6886338324059977
0.6921368432071233
0.7081799367156236
0.7919725407264195
0.868727666426679
0.8891964133891861
0.7469143100541373
0.7260501664539447
0.7786751352468855
0.4465337926868358
0.09361218333842203
0.0010334271523504412
0.14921066375652003
0.23269882351408455
0.7362079839842295
0.7624242382468083
0.7662446230358171
0.657063261322719
0.6462089199775676
0.9896050413805995
1.667068024911373
1.4491497652828684
1.5361212749171216
1.354855662850298
1.075571196329463
0.7414026049183349
0.660762288008641
0.5965700608603015
0.690727351390251
0.2882303634569894
0.216262523024227
0.2382693088561041
0.23791524068997205
0.05028482404395618
0.1537940146671417
0.09791464842857067
0.072386842981075
0.30334803536783284
0.43584508695829527
0.4011714028371216
0.1803634021329117
0.054356410066020544
0.12218612822948671
0.045578062839751965
0.25326547881240913
0.06331030625585754
0.014897815276583515
0.07214589005985772
0.09622840804854604
0.7312557262470136
0.8637279443940997
0.21775158887589896
0.13100613498949087
0.1235132151202265
0.025328373509296398
0.05633092340252688
0.1618984351916879
0.09250296717578976
0.5542409780460389
0.5757167835848804
0.5950084723335749
0.3086591287144529
0.38227528109314335
0.26243102712965083
0.5021323365098738
0.7418819147289355
0.240441109134224
0.32205709429479157
0.4018487791518055
0.11986812748870079
0.061009513779481495
0.1061821654257642
0.10858441133365204
0.2476906683307334
0.21755980060305546
0.21988063376528544
0.041786008186306844
0.20482857435291635
0.6319409127711992
0.7411332778547717
0.4159547494348317
0.1129727817696562
0.08265875730734251
0.15876326171536448
0.1799749832005091
0.13611265124012562
0.12339362557463573
0.2380293763118857
0.23650694738705624
0.2170207954861212
0.35400577956494317
0.5499890521811608
0.40887985469004207
0.6593705361970024
0.8143464977833332
0.9642330812739033
0.9515221433566126
0.8671410754912472
1.2997810245422556
0.4645829806163988
0.21801230053677045
0.09255839629241791
0.018870239868704175
0.1665534235846735
0.1493816419487075
0.1500666909573738
0.2665252456160374
0.33009111769075616
0.3362393973420126
0.6387701031680422
0.5684929496964628
0.26651400307849826
0.3443420002898847
0.03215564977716667
0.12401915991108581
0.03586636047469938
0.12376091567455205
0.06723498081476009
0.06091311550210321
0.19565505367563674
0.013576877620380401
0.07391339565839417
0.019016735637137572
0.21324498594049146
0.20639396303249669
0.37552563854552545
0.36272020814715233
0.4735836600580683
0.5512190602589726
0.707469959494631
1.2706982454846525
0.7848545316937816
0.8142895973537634
0.8968614483765691
0.8928277083546732
1.1165224628111332
1.0548172487017382
1.0331443473965578
0.8303583838672921
0.6672519243617785
0.4764133576996983
0.3716451272778727
0.4205452839219106
0.3081654585046749
0.3646035160827523
0.449968109615952
0.14351140858440203
0.12509306340137982
0.22324957596379136
0.17533724209033608
0.22332057414575956
0.03872734647274001
0.031545722484906946
0.13230463474224052
0.053327648920230786
0.03281060875468711
0.11076787552349288
0.3692245724936356
0.4255352138202966
0.38934304257685426
0.42609087363018716
0.04330406484490368
0.3321106903458144
0.09269689383819468
0.04041444478525591
0.005169556321902746
0.1470289902020454
0.025681295442836927
0.6216047730530363
0.21639744354683899
0.295446288812343
0.3292281282115823
0.5203512242084116
0.1012362080599587
0.4003319397804148
0.3795685214939226
0.4967309684980137
0.047840122847105704
0.16037057279106648
0.08463829208182005
0.09416365405144234
0.14399670464098335
0.15344711223508511
1.2824639007382643
1.4607782001010605
1.5131153318790211
1.198256814190188
1.2196012086821497
1.229429087862286
0.9990103321717356
0.12174580096694854
0.3440345501182378
0.3100112363941889
0.46754954277560046
0.5901551000349059
0.12248582017252829
0.07734761180108762
0.11125455577035837
0.2646463033626105
0.2200326068273739
0.06948152121390194
0.3861692908029113
0.0578062953331937
0.10130477335917476
0.50785175228242
0.3320606003008493
0.323091603548221
0.2217564859902268
0.39229684313392
0.237489657861488
0.1386444309213175
0.05275596771087976
0.5194271674657216
0.5635412758841767
0.6597922636045723
0.6664593650320967
0.7005855144460611
0.32722224346173334
0.34226455807436196
0.2986042913224196
0.5151897171467681
0.3487046306603929
0.13224176392441223
0.13001689338517508
0.08265803823945816
0.03122957029825102
0.35872001305534695
0.13970924396920736
0.08694735886120952
0.08624742468811064
0.03173016654858429
0.18267468959328426
0.10949678800085394
0.05086694871727104
0.08019796957063363
0.09671852333184461
0.3271574450549224
0.1512967043562412
0.097675435699216
0.13859906182307213
0.15785394463836155
0.24570521871606843
0.2301402730415134
0.5113366425308072
0.35376455812269114
0.35316527616794247
0.3873473357816124
0.2416229896554114
0.3417304983612439
0.3872559701310365
0.2463341554987437
0.17469328857964683
0.11253723620609435
0.20255782093147445
0.25728518822086244
0.058146922337130036
0.0553805454335361
0.041596211222781676
0.043841816806548195
0.001890656833381854
0.09928397998919536
0.04432760767332411
0.685128609612434
0.9993788952124305
1.0731036452792182
1.4017328042432382
1.9384772972295536
1.9429214382270743
2.2332873255552954
2.2220649677333313
1.9625451254901805
1.8787850015443723
1.5154728800612816
1.518828564831722
2.3221440904835617
2.192864946168015
1.9449349967792955
2.08466447892107
2.0837776712779714
1.8340881511868474
2.0813162068625957
2.1427305681426674
0.7990725238409482
0.6894189634845702
0.7352303395830404
0.7480336988315912
0.574705195337458
0.2945256040717368
0.4046077908002417
0.10884043637520335
0.05664480779796577
0.004344484541604743
0.26600081763677963
0.2918037406115559
0.2933249168196994
0.39501315828664474
0.2903663383988828
0.362284886300813
0.2166551784796411
0.24808963901875813
0.17515709748613517
0.07191392116095585
0.645427947592168
0.15336174034132455
0.1855856772876905
0.07986306996667736
0.17546799618367004
0.18621176775207005
0.15818334601988226
0.05512291026792582
0.563062815583919
0.3443033269959983
0.33306854346182035
0.27840426035885457
0.2749791093169165
0.16860673605413012
0.24183067986325568
0.007118319691699071
0.45563074646207724
0.5613729545461865
0.3673018002339745
0.33660668084803547
0.6453040982670473
1.2811170820850748
1.0540045875486044
0.6293931733786735
1.183726380620044
1.3204695989898596
1.4354984574297305
1.4303111582317456
1.8631092657518593
2.066542944504249
1.8050078801898621
1.8371233891902534
1.7906794275332913
2.2664488375035603
2.066338187432052
1.6552997914311618
1.6695017922444322
2.27568704468041
2.2895376599507813
2.5808876422594835
2.613836682727481
3.0291231362676285
2.8885261606687322
2.6787868499122283
2.5593903951768766
2.926073449668877
2.852190598072923
3.3910204870276743
3.3523998034327747
3.1993956954830765
3.306739702153209
3.084672227769829
3.514902419919963
3.718961872665659
3.6480998936795572
3.585740323950745
2.9416187721352003
3.056888207918348
2.684732330306133
2.1573841022718057
1.6240620973504747
1.5475930626578247
2.2920237668415098
1.6817020640015699
1.9667798027701906
2.0798990935412007
1.604075647465379
1.4095997336529535
1.134902350140635
1.1414801238134942
1.6367824578994714
1.4453242245446631
1.3806545618923565
1.2677626254524625
1.1970889090438277
0.4441713976201527
0.5181044058224984
0.34472976746940276
0.5940501289729241
0.5067539587864189
0.38978893227152867
0.6937081808054018
1.003555216032339
0.9242674504477577
0.8963148106782342
0.9455254600172225
1.0050913520043423
1.0244810569240599
1.14572940645553
1.164504555008648
1.2311848031228578
0.8034279437553096
0.6980049399961672
0.6368358168637087
0.5091702476544242
0.3516067083012899
0.3632889956177223
0.2246218090133425
0.22364461167774152
0.1031389444215165
0.1304429114360346
0.13607670449306397
0.007072573246830416
0.02777077621465196
0.08808880904706484
0.0044313727747749
0.10481899977929743
0.4128859736397885
0.38428205110614044
0.46959563127586534
0.1625253999974916
0.14412295871858305
0.01245415150270901
0.5922176440485032
0.6241782495154098
0.36251759437254805
0.6922613049466122
0.704354489678451
0.7445932572509832
0.989445025579073
0.9391424447636609
0.7983545513400259
0.660228378183831
0.12157079825391293
0.25002636929639266
0.42179800052167593
0.39621858141038047
0.48782546516093817
0.512401875942885
0.3825496026811379
0.31755879398662046
0.36517371425554757
0.2602807104703402
0.12270370722137613
0.15953967007612846
0.09954865389227052
0.2214151451414068
0.34043906396516377
0.015508439471432212
0.07266488986437025
0.040738128717464406
0.001755190159542508
0.22699063121126528
0.12373149443874354
0.20843816115876734
0.10224653237827397
0.08916895600214048
0.08051055283436881
0.03935866498255791
0.16126640244686996
0.025768366752743077
0.20505129749074058
0.20125998887357355
0.32148811326135274
0.39446454101454265
0.6539718104820622
0.3887361171031216
0.3772372933229917
0.10633204367502458
0.26898822647058296
0.38774008382722513
0.37085177672815917
0.07716875893152064
0.09414595036139417
0.18705101433414484
0.2987415084807594
0.32644316087720426
0.20639663051548496
0.7284920036297535
0.16175071096779448
0.13828465723469208
0.07268574595565269
0.04877840991565563
0.07234041002118374
0.22746938053467147
0.03966784552835634
0.5457748482021998
0.6785912454178629
0.7696949560580038
1.2441989734626873
1.6172010997704547
1.6280033091467772
1.653981470895701
1.585623191008665
1.52982748964439
1.6176267612520974
0.6083004700652737
0.40892576325342134
0.05394538875833632
0.21263606695941917
0.17544493489089064
0.4598951668566542
0.40114649553487425
0.565319693760955
0.24756406164806322
0.15729749212647448
4.198993951831653E-5
0.18851936272238845
0.03355607334310662
0.39644764390038745
0.579130438460254
0.07241357796004877
0.5662091187992928
1.0196381655751452
0.7831387841694095
0.9320738185254527
0.7589417170229922
0.896421439976848
0.8254541407103488
0.8228239863760223
0.6385286963332533
2.2563715299384057E-4
0.09075383754566246
0.03165270059685099
0.3316655563245945
0.33075166710438
0.43738327932055654
0.30973313165787886
0.21385832124951776
0.34929471818031743
0.28942606357884415
0.43505075541662563
0.23697216983134695
0.660964743433226
0.726234956939777
0.6015175165830442
0.6198543389045312
0.4420350294046216
0.35927387273449085
0.17066507702918443
0.21730767934053574
0.23371575933919075
0.1857755839193942
0.11060566485070922
0.014216626376423847
0.25806718644872717
0.26969288159409643
0.24244633763299817
0.055763086800027395
0.041838377046303776
0.07751760739029123
0.2801002332089979
0.2885622848922367
0.22560130000454137
0.31398571487233085
0.30104889206086227
0.49335248748775484
0.5141021736708922
0.821640140659099
0.7840738335825108
0.7878342985143831
0.6657557029856207
0.6138687522637838
0.34930519081240163
0.3289033232792349
0.3781640255947991
0.4177169394694715
0.18898399993349813
0.34294703131382676
0.19151295676414293
0.1498999937185772
0.0930442774674134
0.1361948228768597
0.39732284435524434
0.09223632515545432
0.411412194465413
0.37709018342741274
0.06863262291750516
0.015253987713947481
0.4945966240069879
0.710863974586573
0.8039376358677259
0.7172712335105302
0.38439543894907047
0.6963216121503137
0.7274261454214184
0.5366467251760696
0.42879418715881457
0.5125908157967274
0.36822245861196734
0.46025845014571587
0.37231588749693856
0.45044297052186266
0.32532546800382534
0.48589378803751515
0.515275435700687
0.6347230359323248
0.5611609173408851
0.015584798241661701
0.2850377528387753
0.45117383773475694
0.4762127112765029
0.15661546940788185
0.168065775143873
0.04754026482379459
0.1996406484278168
0.15188194922370712
0.13508002564771004
0.16614106414289154
0.10753941256365351
0.23286032440176996
0.39183630784555135
0.4199463988611001
0.1773132822619914
0.39010848276075194
0.37065644067007497
0.3183244634196285
0.1308946591986455
0.42791216699976076
0.13701468967150277
0.32964601190531084
0.3548572645055401
0.4544765084784217
0.31101078918453595
0.4102063390657804
0.2996523415889101
0.33131842501211395
0.05337840617198708
0.07521547479990431
0.2460802348379616
0.09835651568295134
0.4936875157166014
0.14337306583860254
0.011448644127256102
0.11354067506010779
0.12161751526406306
0.0377654059118413
0.5315019214165773
0.35111312652242077
0.03419271918465938
0.18080508151678032
0.7502120671057924
0.7369262308072848
0.43109914488462664
0.48187656009412194
0.5856271466415706
0.646574377489344
0.4311634426079536
0.7391429539618457
0.669461908660935
0.4550309767512317
0.2485502368987227
0.2670840774927683
0.5063330343989492
0.5072785791157344
0.7633614486472311
0.8149701693468501
0.8139780206450382
0.9314785814582365
0.41321681199741533
0.5760649984301836
0.835204679461583
0.9341595329613597
1.0933950012514515
1.006175988778466
1.1635936295444935
0.9552783381727181
0.9467017076208322
1.228028917778886
0.5378463901211035
0.5430273617660646
0.9257147053812673
0.7998366847572242
0.9443952530031083
1.0841273543413763
0.7824668876639862
0.7880375409843623
0.30652684112590123
0.22288439701731022
0.437380027445613
0.4615758962347627
0.6586070028988047
0.6008927467205467
0.7661954214026991
0.6312202998453245
0.5279919656071002
0.6732146210483165
0.8215263959064032
0.8121280719078072
0.6825462323092211
0.656254703913703
0.1492080468514132
0.438487410727987
0.28245279495683917
0.14295926312416896
0.16262489311856143
0.6764238885346003
0.5633757287661183
0.9675759273261519
0.6418086584470188
0.6303550288147335
0.7370489035785113
0.5817042950380937
0.1055906912295086
0.17082214194795142
0.10122110483479219
0.0590560956641184
0.14275600998206528
0.13490850909806795
0.18993748151365253
0.1215913208047823
0.06252936992842706
0.4384330569399708
0.39568611756175187
0.3659381635748673
0.3817397309939565
0.2583337233532461
0.12403897781030082
0.09508805926031982
0.037403283162802836
0.27835911150327775
0.18834482668910368
0.329805558314888
0.2892774964230398
0.09345873565195006
0.2840984100709534
0.3541988013654418
0.44288765918264517
0.4516764677433116
0.5346586684316321
0.36502539072239415
0.3306369370599782
0.3078304741621878
0.5067819305803027
0.282022109398838
0.46845758174657703
0.4840290579957127
0.6511264034757005
0.6511245133768853
0.733820276245126
0.5166971942380769
0.4692959067060656
0.5297236561241903
0.40024405217246795
0.3518467275660555
0.37860490474776043
0.6670548670796848
0.5992345479817232
0.5771571789372842
0.18897470815505812
0.09714402402130418
0.21631593100158852
0.9528859093130109
0.7409307140031842
0.674892058559351
0.3796621693897464
0.09656154307378984
0.24944652960095937
0.5208983533101446
0.7092594729431312
0.9607099840728779
0.7483346360653513
0.6634852508255449
0.43146254306333276
0.7446495580817327
0.7306593716531893
0.488669219604958
0.18719419650750524
0.30097893261552144
0.36148092590354963
0.5105362447893071
0.5124032014799127
0.4980765302080954
0.42285961348528645
0.41391933393964564
0.418709580409768
0.43339338771420444
0.3495772477403989
0.25125176722900733
0.29801527923115145
0.15361263268806624
0.11518656445338138
0.058921096229767045
0.2654220809988601
0.3301809257220043
0.2774583419161445
0.08045940102073246
0.07264225118740342
0.12066477199641668
0.186126891795368
0.15558200525441634
0.21198587962055626
0.2703420539259582
0.341745291320251
0.2453246480179132
0.04875093454887747
0.08026058138489134
0.023176435184609545
0.26752237909278165
0.3825395443363391
0.21756095851503687
0.36460969623408346
0.15810616921430665
0.2818912361466914
0.12532118996824693
0.23364625476108358
0.2250495042572993
0.2491069570272657
0.1585016956638583
0.1858728962705527
0.13059380233909224
0.13673467205376255
0.0519648950789815
0.0063954540033819285
0.8207412575827107
0.8746001724992425
0.7445326132574337
0.9886761830267119
1.0057827148870615
1.240331262139307
1.437828405712196
1.4969116832384088
1.226060042943402
1.2087166327843306
2.0974196653149306
2.143783545152303
2.3821018539276793
2.539890112950104
1.9058292694573424
1.6825924571995188
1.6552413834648405
0.9542869941072354
0.7932338482763726
0.8272934083960308
0.950177086610779
0.5194384047733251
0.6504888852011845
0.832602292039553
0.7347466647179317
0.6792460097537969
0.5716827501866533
1.0818794806363599
1.0220919224651652
0.7476905071213196
0.922058177746635
0.9422428966881284
1.0010086911880762
0.7446328962065536
0.8269795527297106
1.5093790628648094
1.7718767942336058
2.1998207204906066
2.554195150204862
3.062748605063291
3.2182391189285227
3.0092410877633142
2.941592611833812
2.6210878165521763
2.605227957944976
2.869871814873761
3.0666169854357577
3.258960093881342
3.2006819704162126
2.978746311355451
2.8019168984437783
2.8022241877357033
2.8326567418429818
1.963970915913137
1.9277346635410026
2.1834064990582647
2.2603253918230735
2.3410432671860804
1.7289849681570217
1.6057830381031977
1.5750015323640127
1.541449637683911
1.5774809034323312
1.5436870946733166
1.5303826810055057
1.3694060723964299
1.305930731910962
1.8056695148656559
1.5246377885376319
1.2683047855121572
1.3964188953588632
1.2697250629695418
1.308212494759971
1.571455005595567
1.4929265028578698
1.7420172246472134
1.2174347706624644
1.1986828431713548
1.2265063982857214
0.9988836714111926
0.9415327005034442
0.9769746251316178
0.8832577639406054
0.27213303548018075
0.017282701015915336
0.16587749587267808
0.006061454652467546
0.2692717253431738
0.1330460762334269
0.1082036580754675
1.0336502981772355
1.290562441560951
0.4445349842108044
0.44876621112405246
0.4461321068298503
0.6772017080563728
0.640879493691159
0.9130495056139125
0.969403949388834
0.8219045265290106
1.200266248397952
1.3958036181628586
1.2942833488245924
1.0810074891110162
0.7862403761233736
0.8290373079290703
0.813626819220417
0.8580045938418834
0.7603953663800667
0.8025565014596623
0.9968449802769328
0.7339250457232538
0.6927391119687627
0.6079188811507947
0.6139208303957275
0.46765171237166214
0.10811031246942093
0.06311494183046307
0.09564694979098931
0.033345232193028096
0.1845967508755848
0.1930751452473487
0.23409493805991133
0.22669153341860238
0.44718268456426813
0.7268842524997581
0.6711820284521082
0.6762847428142322
0.49796957064484104
0.23442714734699166
0.29562629711222144
0.2867440513907695
0.14538275862253158
0.05849906601542898
0.06222659154423127
0.1604156008125983
0.2768887113072651
0.141096150571002
0.14813306104088042
0.05438441286617035
0.21214693832462217
0.7714454162821767
0.9099141284167445
0.9092109969670901
1.0555498060117543
0.8668499468783466
0.8279879873596201
0.887046077766513
0.5462617211329643
0.5035143538300417
0.34295385325629013
0.4400694256681845
0.041210650529933446
0.27328263314450396
0.027851366079516993
0.020376839759592258
0.14426610698046716
0.20407888434169763
0.4631303689291144
0.23443460218459222
0.11920799260406056
0.4317646221522864
0.3270858706656554
0.46833240154342093
0.44203884111675507
0.2992365264894943
0.43249011157047335
0.47283018860230186
0.33178592741421653
0.49737350029249683
0.27112491029265584
0.2902252608411118
0.38629035434632897
0.4113925327886818
0.3994468327980485
0.284012877966461
0.33494089131409055
0.5304453669880331
0.4056496749977896
0.4505349205882112
0.15896017907527948
0.148870210843711
0.019110687978809437
0.30570481408119576
0.5011000291464143
0.3641631465015962
0.1648739206701748
0.1544438431189974
0.1234385259984947
0.07151797456674558
0.07193069338836722
0.04056091102393111
0.35356424076962867
0.5892053730709677
0.6186884645525197
0.5573259131372197
0.37025034691055225
0.2344468713185961
0.1937474467794118
0.2438282240029821
0.3586530998137505
0.16520771971909198
0.28702096987137793
0.2804118303600944
0.5530991222015018
0.6414557885975682
0.8158907091652736
0.20059653843600245
0.2959271015313334
0.5653191673245601
0.9067177847715584
0.6818530221451056
0.28985441345514573
0.12355679426048027
0.17293055691936843
0.18280482231011774
0.12166758186106108
0.078852270652078
0.036347350359051234
0.44046769947919984
0.4958141033650918
0.563590432110118
0.6326077979819047
0.6606997889437025
0.5327083322284807
0.4850080104724839
0.2708355518609551
0.22584278866111163
0.30161025833763233
0.06721240313402177
0.49128835366366275
0.7347384873479541
0.7868797737098703
0.6648692396245224
0.3677667051811113
0.12901781661139466
0.023246148866519434
0.011477149498887229
0.033513247899577436
0.15345773907131388
0.15347905584803812
0.06826350222377187
0.15460339187472982
0.09691500332519354
0.6546882876099289
0.5624204974169515
0.8003138748281344
0.8636909829348269
0.8599370941353754
0.987397331099487
0.777789136394972
0.5794730441670026
0.7485037049265202
0.5590671792514286
0.30734428826201565
0.2546390628090194
0.18951291612381738
0.16463911292350986
0.04190627728576146
0.0478908848925812
0.07564082005228556
0.026386579450331737
0.05676306295674749
0.17737308669188678
0.10078879670277274
0.4314588964006134
0.5054755200374075
0.2849607106310259
0.2685790935553314
0.0972854344361167
0.31529703926082675
0.5134441412225215
0.5394561855351867
0.5281647317533498
0.5431954616201438
0.6526874229701889
0.3748405880460268
0.36033209709978564
0.2885269673034827
0.3547654606998094
0.3953456286594701
0.5297219018693795
0.4915096517806887
0.491544807450623
0.3646781603903264
0.46731689904549967
0.27381911652878443
0.04100844624338151
0.2084777131943838
0.0495491120124143
0.03644468298512038
0.014241802447827467
0.12234180672430739
0.04181820193753083
0.07842384206526276
0.18166565747458208
0.03529717277137934
0.047173993593219166
0.41783168040115015
0.32609507909705826
0.28258526231797987
0.2983805208813237
0.2211553779056885
0.4327450281907659
0.4338635066594634
0.12863193732721356
0.06890687293309838
0.016058919865486132
0.3580097765618575
0.035629438443720574
0.23170207617317828
0.2845736830539636
0.36489077609724063
0.49983854526556115
0.5637056372333973
0.2787237380438228
0.0014973387459349397
0.06658495455576485
0.027854728806914864
0.11763882086438571
0.08453871778260691
0.1475247814597651
0.26319777492631147
0.4180685663875465
0.08004120473003695
0.2390394239591842
0.3212336802895379
0.4135957193233253
0.48709491413819705
0.5500921726240904
0.40996454908849955
0.31423722875820204
0.40447330817926286
0.33392755574595867
0.2767597141829583
0.27970828223305944
0.2900578693092939
0.054508452044274236
0.5645223756100677
0.7798758629800204
0.7732863445284011
1.2525670223251382
0.4705464962885344
0.21377343114249925
0.2761695410674747
0.3555364142630424
0.2536716950864957
0.3768791260672515
0.27755212745569224
0.003807181352954103
0.5413267339521326
0.2620895578025966
0.0873979647124088
